x<-c(115,138,55,99,290,71)
B0<- 75.2124
B0
B1 <- 0.2094
B1
My.100 <- B0-(B1*x)
My.100
